{
 "cells": [
  {
   "attachments": {},
   "cell_type": "markdown",
   "id": "62fd0c8e",
   "metadata": {},
   "source": [
    "# Python Programming Basic Assignment 13"
   ]
  },
  {
   "attachments": {},
   "cell_type": "markdown",
   "id": "ed4a3c0b",
   "metadata": {},
   "source": [
    "\n",
    "### 1. Write a program that calculates and prints the value according to the given formula:\n",
    "Q = Square root of [(2 C D)/H]\n",
    "\n",
    "Following are the fixed values of C and H:\n",
    "\n",
    "C is 50. H is 30.\n",
    "\n",
    "D is the variable whose values should be input to your program in a comma-separated sequence.\n",
    "\n",
    "Example\n",
    "\n",
    "Let us assume the following comma separated input sequence is given to the program:\n",
    "\n",
    "100,150,180\n",
    "\n",
    "The output of the program should be:\n",
    "\n",
    "18,22,24"
   ]
  },
  {
   "cell_type": "code",
   "execution_count": 2,
   "id": "96b47837",
   "metadata": {},
   "outputs": [
    {
     "name": "stdout",
     "output_type": "stream",
     "text": [
      "[18, 22, 24]\n"
     ]
    }
   ],
   "source": [
    "import math\n",
    "\n",
    "def calculate_formula(args):\n",
    "    c = 50\n",
    "    h = 30\n",
    "    result = []\n",
    "    for d in args:\n",
    "        result.append(int(math.sqrt((2*c*int(d))/h)))\n",
    "    print(result)\n",
    "    \n",
    "\n",
    "inp = list(input(\"Enter comma separated numbers input: \").split(','))\n",
    "calculate_formula(inp)"
   ]
  },
  {
   "attachments": {},
   "cell_type": "markdown",
   "id": "ed37b6ed",
   "metadata": {},
   "source": [
    "### 2. Write a program which takes 2 digits, X,Y as input and generates a 2-dimensional array. The element value in the i-th row and j-th column of the array should be i*j."
   ]
  },
  {
   "cell_type": "code",
   "execution_count": 4,
   "id": "09beaed7",
   "metadata": {},
   "outputs": [
    {
     "name": "stdout",
     "output_type": "stream",
     "text": [
      "[[0, 0, 0, 0, 0, 0, 0, 0, 0, 0, 0, 0, 0, 0, 0, 0, 0, 0, 0, 0, 0, 0, 0, 0, 0, 0, 0, 0, 0, 0, 0, 0], [0, 1, 2, 3, 4, 5, 6, 7, 8, 9, 10, 11, 12, 13, 14, 15, 16, 17, 18, 19, 20, 21, 22, 23, 24, 25, 26, 27, 28, 29, 30, 31], [0, 2, 4, 6, 8, 10, 12, 14, 16, 18, 20, 22, 24, 26, 28, 30, 32, 34, 36, 38, 40, 42, 44, 46, 48, 50, 52, 54, 56, 58, 60, 62], [0, 3, 6, 9, 12, 15, 18, 21, 24, 27, 30, 33, 36, 39, 42, 45, 48, 51, 54, 57, 60, 63, 66, 69, 72, 75, 78, 81, 84, 87, 90, 93], [0, 4, 8, 12, 16, 20, 24, 28, 32, 36, 40, 44, 48, 52, 56, 60, 64, 68, 72, 76, 80, 84, 88, 92, 96, 100, 104, 108, 112, 116, 120, 124], [0, 5, 10, 15, 20, 25, 30, 35, 40, 45, 50, 55, 60, 65, 70, 75, 80, 85, 90, 95, 100, 105, 110, 115, 120, 125, 130, 135, 140, 145, 150, 155], [0, 6, 12, 18, 24, 30, 36, 42, 48, 54, 60, 66, 72, 78, 84, 90, 96, 102, 108, 114, 120, 126, 132, 138, 144, 150, 156, 162, 168, 174, 180, 186], [0, 7, 14, 21, 28, 35, 42, 49, 56, 63, 70, 77, 84, 91, 98, 105, 112, 119, 126, 133, 140, 147, 154, 161, 168, 175, 182, 189, 196, 203, 210, 217], [0, 8, 16, 24, 32, 40, 48, 56, 64, 72, 80, 88, 96, 104, 112, 120, 128, 136, 144, 152, 160, 168, 176, 184, 192, 200, 208, 216, 224, 232, 240, 248], [0, 9, 18, 27, 36, 45, 54, 63, 72, 81, 90, 99, 108, 117, 126, 135, 144, 153, 162, 171, 180, 189, 198, 207, 216, 225, 234, 243, 252, 261, 270, 279], [0, 10, 20, 30, 40, 50, 60, 70, 80, 90, 100, 110, 120, 130, 140, 150, 160, 170, 180, 190, 200, 210, 220, 230, 240, 250, 260, 270, 280, 290, 300, 310], [0, 11, 22, 33, 44, 55, 66, 77, 88, 99, 110, 121, 132, 143, 154, 165, 176, 187, 198, 209, 220, 231, 242, 253, 264, 275, 286, 297, 308, 319, 330, 341], [0, 12, 24, 36, 48, 60, 72, 84, 96, 108, 120, 132, 144, 156, 168, 180, 192, 204, 216, 228, 240, 252, 264, 276, 288, 300, 312, 324, 336, 348, 360, 372], [0, 13, 26, 39, 52, 65, 78, 91, 104, 117, 130, 143, 156, 169, 182, 195, 208, 221, 234, 247, 260, 273, 286, 299, 312, 325, 338, 351, 364, 377, 390, 403], [0, 14, 28, 42, 56, 70, 84, 98, 112, 126, 140, 154, 168, 182, 196, 210, 224, 238, 252, 266, 280, 294, 308, 322, 336, 350, 364, 378, 392, 406, 420, 434], [0, 15, 30, 45, 60, 75, 90, 105, 120, 135, 150, 165, 180, 195, 210, 225, 240, 255, 270, 285, 300, 315, 330, 345, 360, 375, 390, 405, 420, 435, 450, 465], [0, 16, 32, 48, 64, 80, 96, 112, 128, 144, 160, 176, 192, 208, 224, 240, 256, 272, 288, 304, 320, 336, 352, 368, 384, 400, 416, 432, 448, 464, 480, 496], [0, 17, 34, 51, 68, 85, 102, 119, 136, 153, 170, 187, 204, 221, 238, 255, 272, 289, 306, 323, 340, 357, 374, 391, 408, 425, 442, 459, 476, 493, 510, 527], [0, 18, 36, 54, 72, 90, 108, 126, 144, 162, 180, 198, 216, 234, 252, 270, 288, 306, 324, 342, 360, 378, 396, 414, 432, 450, 468, 486, 504, 522, 540, 558], [0, 19, 38, 57, 76, 95, 114, 133, 152, 171, 190, 209, 228, 247, 266, 285, 304, 323, 342, 361, 380, 399, 418, 437, 456, 475, 494, 513, 532, 551, 570, 589], [0, 20, 40, 60, 80, 100, 120, 140, 160, 180, 200, 220, 240, 260, 280, 300, 320, 340, 360, 380, 400, 420, 440, 460, 480, 500, 520, 540, 560, 580, 600, 620], [0, 21, 42, 63, 84, 105, 126, 147, 168, 189, 210, 231, 252, 273, 294, 315, 336, 357, 378, 399, 420, 441, 462, 483, 504, 525, 546, 567, 588, 609, 630, 651], [0, 22, 44, 66, 88, 110, 132, 154, 176, 198, 220, 242, 264, 286, 308, 330, 352, 374, 396, 418, 440, 462, 484, 506, 528, 550, 572, 594, 616, 638, 660, 682], [0, 23, 46, 69, 92, 115, 138, 161, 184, 207, 230, 253, 276, 299, 322, 345, 368, 391, 414, 437, 460, 483, 506, 529, 552, 575, 598, 621, 644, 667, 690, 713], [0, 24, 48, 72, 96, 120, 144, 168, 192, 216, 240, 264, 288, 312, 336, 360, 384, 408, 432, 456, 480, 504, 528, 552, 576, 600, 624, 648, 672, 696, 720, 744], [0, 25, 50, 75, 100, 125, 150, 175, 200, 225, 250, 275, 300, 325, 350, 375, 400, 425, 450, 475, 500, 525, 550, 575, 600, 625, 650, 675, 700, 725, 750, 775], [0, 26, 52, 78, 104, 130, 156, 182, 208, 234, 260, 286, 312, 338, 364, 390, 416, 442, 468, 494, 520, 546, 572, 598, 624, 650, 676, 702, 728, 754, 780, 806], [0, 27, 54, 81, 108, 135, 162, 189, 216, 243, 270, 297, 324, 351, 378, 405, 432, 459, 486, 513, 540, 567, 594, 621, 648, 675, 702, 729, 756, 783, 810, 837], [0, 28, 56, 84, 112, 140, 168, 196, 224, 252, 280, 308, 336, 364, 392, 420, 448, 476, 504, 532, 560, 588, 616, 644, 672, 700, 728, 756, 784, 812, 840, 868], [0, 29, 58, 87, 116, 145, 174, 203, 232, 261, 290, 319, 348, 377, 406, 435, 464, 493, 522, 551, 580, 609, 638, 667, 696, 725, 754, 783, 812, 841, 870, 899], [0, 30, 60, 90, 120, 150, 180, 210, 240, 270, 300, 330, 360, 390, 420, 450, 480, 510, 540, 570, 600, 630, 660, 690, 720, 750, 780, 810, 840, 870, 900, 930], [0, 31, 62, 93, 124, 155, 186, 217, 248, 279, 310, 341, 372, 403, 434, 465, 496, 527, 558, 589, 620, 651, 682, 713, 744, 775, 806, 837, 868, 899, 930, 961], [0, 32, 64, 96, 128, 160, 192, 224, 256, 288, 320, 352, 384, 416, 448, 480, 512, 544, 576, 608, 640, 672, 704, 736, 768, 800, 832, 864, 896, 928, 960, 992], [0, 33, 66, 99, 132, 165, 198, 231, 264, 297, 330, 363, 396, 429, 462, 495, 528, 561, 594, 627, 660, 693, 726, 759, 792, 825, 858, 891, 924, 957, 990, 1023], [0, 34, 68, 102, 136, 170, 204, 238, 272, 306, 340, 374, 408, 442, 476, 510, 544, 578, 612, 646, 680, 714, 748, 782, 816, 850, 884, 918, 952, 986, 1020, 1054], [0, 35, 70, 105, 140, 175, 210, 245, 280, 315, 350, 385, 420, 455, 490, 525, 560, 595, 630, 665, 700, 735, 770, 805, 840, 875, 910, 945, 980, 1015, 1050, 1085], [0, 36, 72, 108, 144, 180, 216, 252, 288, 324, 360, 396, 432, 468, 504, 540, 576, 612, 648, 684, 720, 756, 792, 828, 864, 900, 936, 972, 1008, 1044, 1080, 1116], [0, 37, 74, 111, 148, 185, 222, 259, 296, 333, 370, 407, 444, 481, 518, 555, 592, 629, 666, 703, 740, 777, 814, 851, 888, 925, 962, 999, 1036, 1073, 1110, 1147], [0, 38, 76, 114, 152, 190, 228, 266, 304, 342, 380, 418, 456, 494, 532, 570, 608, 646, 684, 722, 760, 798, 836, 874, 912, 950, 988, 1026, 1064, 1102, 1140, 1178], [0, 39, 78, 117, 156, 195, 234, 273, 312, 351, 390, 429, 468, 507, 546, 585, 624, 663, 702, 741, 780, 819, 858, 897, 936, 975, 1014, 1053, 1092, 1131, 1170, 1209], [0, 40, 80, 120, 160, 200, 240, 280, 320, 360, 400, 440, 480, 520, 560, 600, 640, 680, 720, 760, 800, 840, 880, 920, 960, 1000, 1040, 1080, 1120, 1160, 1200, 1240], [0, 41, 82, 123, 164, 205, 246, 287, 328, 369, 410, 451, 492, 533, 574, 615, 656, 697, 738, 779, 820, 861, 902, 943, 984, 1025, 1066, 1107, 1148, 1189, 1230, 1271], [0, 42, 84, 126, 168, 210, 252, 294, 336, 378, 420, 462, 504, 546, 588, 630, 672, 714, 756, 798, 840, 882, 924, 966, 1008, 1050, 1092, 1134, 1176, 1218, 1260, 1302], [0, 43, 86, 129, 172, 215, 258, 301, 344, 387, 430, 473, 516, 559, 602, 645, 688, 731, 774, 817, 860, 903, 946, 989, 1032, 1075, 1118, 1161, 1204, 1247, 1290, 1333], [0, 44, 88, 132, 176, 220, 264, 308, 352, 396, 440, 484, 528, 572, 616, 660, 704, 748, 792, 836, 880, 924, 968, 1012, 1056, 1100, 1144, 1188, 1232, 1276, 1320, 1364], [0, 45, 90, 135, 180, 225, 270, 315, 360, 405, 450, 495, 540, 585, 630, 675, 720, 765, 810, 855, 900, 945, 990, 1035, 1080, 1125, 1170, 1215, 1260, 1305, 1350, 1395], [0, 46, 92, 138, 184, 230, 276, 322, 368, 414, 460, 506, 552, 598, 644, 690, 736, 782, 828, 874, 920, 966, 1012, 1058, 1104, 1150, 1196, 1242, 1288, 1334, 1380, 1426], [0, 47, 94, 141, 188, 235, 282, 329, 376, 423, 470, 517, 564, 611, 658, 705, 752, 799, 846, 893, 940, 987, 1034, 1081, 1128, 1175, 1222, 1269, 1316, 1363, 1410, 1457], [0, 48, 96, 144, 192, 240, 288, 336, 384, 432, 480, 528, 576, 624, 672, 720, 768, 816, 864, 912, 960, 1008, 1056, 1104, 1152, 1200, 1248, 1296, 1344, 1392, 1440, 1488], [0, 49, 98, 147, 196, 245, 294, 343, 392, 441, 490, 539, 588, 637, 686, 735, 784, 833, 882, 931, 980, 1029, 1078, 1127, 1176, 1225, 1274, 1323, 1372, 1421, 1470, 1519], [0, 50, 100, 150, 200, 250, 300, 350, 400, 450, 500, 550, 600, 650, 700, 750, 800, 850, 900, 950, 1000, 1050, 1100, 1150, 1200, 1250, 1300, 1350, 1400, 1450, 1500, 1550], [0, 51, 102, 153, 204, 255, 306, 357, 408, 459, 510, 561, 612, 663, 714, 765, 816, 867, 918, 969, 1020, 1071, 1122, 1173, 1224, 1275, 1326, 1377, 1428, 1479, 1530, 1581], [0, 52, 104, 156, 208, 260, 312, 364, 416, 468, 520, 572, 624, 676, 728, 780, 832, 884, 936, 988, 1040, 1092, 1144, 1196, 1248, 1300, 1352, 1404, 1456, 1508, 1560, 1612], [0, 53, 106, 159, 212, 265, 318, 371, 424, 477, 530, 583, 636, 689, 742, 795, 848, 901, 954, 1007, 1060, 1113, 1166, 1219, 1272, 1325, 1378, 1431, 1484, 1537, 1590, 1643]]\n"
     ]
    }
   ],
   "source": [
    "x = int(input(\"Enter X value: \"))\n",
    "y = int(input(\"Enter Y value: \"))\n",
    "matrix = []\n",
    "for i in range(x):\n",
    "    row = []\n",
    "    for j in range(y):\n",
    "        row.append(i*j)\n",
    "    matrix.append(row)\n",
    "print(matrix)"
   ]
  },
  {
   "attachments": {},
   "cell_type": "markdown",
   "id": "bc7f977b",
   "metadata": {},
   "source": [
    "### 3. Write a program that accepts a comma separated sequence of words as input and prints the words in a comma-separated sequence after sorting them alphabetically."
   ]
  },
  {
   "cell_type": "code",
   "execution_count": 5,
   "id": "9122174d",
   "metadata": {},
   "outputs": [
    {
     "name": "stdout",
     "output_type": "stream",
     "text": [
      "ash,best,end,hdhd\n"
     ]
    }
   ],
   "source": [
    "words = list(input(\"Enter comma seperated words: \").split(','))\n",
    "words.sort() \n",
    "print(','.join(words))"
   ]
  },
  {
   "attachments": {},
   "cell_type": "markdown",
   "id": "171c3d90",
   "metadata": {},
   "source": [
    "### 4. Write a program that accepts a sequence of whitespace separated words as input and prints the words after removing all duplicate words and sorting them alphanumerically."
   ]
  },
  {
   "cell_type": "code",
   "execution_count": 6,
   "id": "6f0b4beb",
   "metadata": {},
   "outputs": [
    {
     "name": "stdout",
     "output_type": "stream",
     "text": [
      "ash hello is my name world\n"
     ]
    }
   ],
   "source": [
    "words = list(set(input(\"Enter comma seperated words: \").split(' ')))\n",
    "words.sort() \n",
    "print(' '.join(words))"
   ]
  },
  {
   "attachments": {},
   "cell_type": "markdown",
   "id": "88d25c49",
   "metadata": {},
   "source": [
    "### 5. Write a program that accepts a sentence and calculate the number of letters and digits."
   ]
  },
  {
   "cell_type": "code",
   "execution_count": 7,
   "id": "9af8334f",
   "metadata": {},
   "outputs": [
    {
     "name": "stdout",
     "output_type": "stream",
     "text": [
      "LETTERS 17\n",
      "DIGITS 2\n"
     ]
    }
   ],
   "source": [
    "words = input(\"Enter a sentence: \")\n",
    "letters = 0\n",
    "digits = 0\n",
    "for c in words:\n",
    "    if (ord(c) >= ord('a') and ord(c) <= ord('z')) or (ord(c) >= ord('A') and ord(c) <= ord('Z')):\n",
    "        letters += 1\n",
    "    elif ord(c) >= ord('0') and ord(c) <= ord('9'):\n",
    "        digits += 1\n",
    "print(\"LETTERS {}\".format(letters))\n",
    "print(\"DIGITS {}\".format(digits))"
   ]
  },
  {
   "attachments": {},
   "cell_type": "markdown",
   "id": "9695c4ca",
   "metadata": {},
   "source": [
    "### 6. A website requires the users to input username and password to register. Write a program to check the validity of password input by users."
   ]
  },
  {
   "cell_type": "code",
   "execution_count": 8,
   "id": "b7e80d04",
   "metadata": {},
   "outputs": [
    {
     "name": "stdout",
     "output_type": "stream",
     "text": [
      "\n"
     ]
    }
   ],
   "source": [
    "def check_smallcase(password):\n",
    "    check = False\n",
    "    for p in password:\n",
    "        if ord(p) >= ord('a') and ord(p) <= ord('z'):\n",
    "            check = True\n",
    "            break\n",
    "    return check\n",
    "\n",
    "def check_uppercase(password):\n",
    "    check = False\n",
    "    for p in password:\n",
    "        if ord(p) >= ord('A') and ord(p) <= ord('Z'):\n",
    "            check = True\n",
    "            break\n",
    "    return check\n",
    "\n",
    "def check_digit(password):\n",
    "    check = False\n",
    "    for p in password:\n",
    "        if ord(p) >= ord('1') and ord(p) <= ord('9'):\n",
    "            check = True\n",
    "            break\n",
    "    return check\n",
    "\n",
    "def check_specialchars(password):\n",
    "    check = False\n",
    "    specials = \"!@#$%^&*()_+=->;,:/?`\"\n",
    "    for p in password:\n",
    "        if p in specials:\n",
    "            check = True\n",
    "            break\n",
    "    return check\n",
    "\n",
    "def check_minlength(password):\n",
    "    return len(password) >= 6\n",
    "\n",
    "def check_maxlength(password):\n",
    "    return len(password) <= 12\n",
    "\n",
    "passwords = list(set(input(\"Enter comma seperated passwords: \").split(',')))\n",
    "valid_passwords = []\n",
    "for password in passwords:\n",
    "    if check_smallcase(password) and check_uppercase(password) and check_digit(password) and check_specialchars(password) and check_minlength(password) and check_maxlength(password):\n",
    "        valid_passwords.append(password)\n",
    "print(','.join(valid_passwords))"
   ]
  },
  {
   "cell_type": "code",
   "execution_count": null,
   "id": "7f49c3ae",
   "metadata": {},
   "outputs": [],
   "source": []
  }
 ],
 "metadata": {
  "kernelspec": {
   "display_name": "Python 3 (ipykernel)",
   "language": "python",
   "name": "python3"
  },
  "language_info": {
   "codemirror_mode": {
    "name": "ipython",
    "version": 3
   },
   "file_extension": ".py",
   "mimetype": "text/x-python",
   "name": "python",
   "nbconvert_exporter": "python",
   "pygments_lexer": "ipython3",
   "version": "3.9.7"
  }
 },
 "nbformat": 4,
 "nbformat_minor": 5
}
